Variables: 12
39535.519999999996799
4476
9.9999999999999995475e-07
9.9999999999999995475e-07
19711.869183731319936
1153.4058162686822016
9208.1419826916080638
1471.3180173083912905
9.9999999999999995475e-07
9.9999999999999995475e-07
9.9999999999999995475e-07
1000
Function value: 1.06668e+10
Variables: 12
39535.519999999996799
4476
120121.43101028441743
26540.083423639749526
99039.414934239728609
38969.282766677351901
70734.02208383019024
47449.755803955551528
43562.91476354272163
6734.7907248903247819
4722.1708889897672634
31000
Variables: 20
39535.519999999996799
4476
9.9999999999999995475e-07
9.9999999999999995475e-07
19711.869183731319936
1153.4058162686822016
9208.1419826916080638
1471.3180173083912905
9.9999999999999995475e-07
9.9999999999999995475e-07
9.9999999999999995475e-07
9.9999999999999995475e-07
9.9999999999999995475e-07
9.9999999999999995475e-07
9.9999999999999995475e-07
1000
9.9999999999999995475e-07
9.9999999999999995475e-07
9.9999999999999995475e-07
9.9999999999999995475e-07
Function value: 1.06668e+10
Variables: 20
39535.519999999996799
4476
120121.43101028441743
26540.083423639749526
99039.414934239728609
38969.282766677351901
70734.02208383019024
47449.755803955551528
43562.91476354272163
6734.7907248903247819
4722.1708889897672634
9.9999999999999995475e-07
9.9999999999999995475e-07
9.9999999999999995475e-07
9.9999999999999995475e-07
31000
9.9999999999999995475e-07
9.9999999999999995475e-07
9.9999999999999995475e-07
9.9999999999999995475e-07
Function value: 7.3338e+10
Variables: 20
39535.519999999996799
5240.1318606218310379
9.9999999999999995475e-07
9.9999999999999995475e-07
47184.074102192862483
23356.198641337279696
9208.1419826916080638
1703.2154450967739194
9.9999999999999995475e-07
9.9999999999999995475e-07
9.9999999999999995475e-07
9.9999999999999995475e-07
9.9999999999999995475e-07
9.9999999999999995475e-07
9.9999999999999995475e-07
26347.805316906644293
9.9999999999999995475e-07
9.9999999999999995475e-07
9.9999999999999995475e-07
9.9999999999999995475e-07
Function value: 1.10307e+10
Variables: 20
39535.519999999996799
4476
9.9999999999999995475e-07
5237.9848458422566182
28369.54484619282448
8380.4280078855936154
15780.979508162154161
1471.3180173083912905
389.80118382033072066
6734.7907248903247819
4722.1708889897672634
9.9999999999999995475e-07
9.9999999999999995475e-07
9.9999999999999995475e-07
9.9999999999999995475e-07
1000
9.9999999999999995475e-07
9.9999999999999995475e-07
9.9999999999999995475e-07
9.9999999999999995475e-07
Function value: 1.44023e+10
Variables: 20
39535.519999999996799
4476
12124.916390162507014
9.9999999999999995475e-07
21275.861260393568955
1153.4058162686822016
14052.432052042380747
1471.3180173083912905
9.9999999999999995475e-07
2889.4449341713257127
4722.1708889897672634
9.9999999999999995475e-07
9.9999999999999995475e-07
9.9999999999999995475e-07
9.9999999999999995475e-07
8061.4242004747175088
9.9999999999999995475e-07
9.9999999999999995475e-07
9.9999999999999995475e-07
9.9999999999999995475e-07
Function value: 1.38308e+10
Variables: 20
39535.519999999996799
4476
9.9999999999999995475e-07
10260.4280037549197
20229.706551469545957
9062.732368732959003
9208.1419826916080638
2676.6159447903719411
11691.055721069664287
9.9999999999999995475e-07
9.9999999999999995475e-07
9.9999999999999995475e-07
9.9999999999999995475e-07
9.9999999999999995475e-07
9.9999999999999995475e-07
16914.49217526605571
9.9999999999999995475e-07
9.9999999999999995475e-07
9.9999999999999995475e-07
9.9999999999999995475e-07
Function value: 1.39928e+10
Variables: 20
39535.519999999996799
11308.896725170117861
7165.1727853062766371
2474.4200704627510277
28631.853378984476876
20528.874695145423175
9208.1419826916080638
9944.9285001652733627
189.704382218448103
9.9999999999999995475e-07
3060.2536110736391493
9.9999999999999995475e-07
9.9999999999999995475e-07
9.9999999999999995475e-07
9.9999999999999995475e-07
6053.3650234917113266
9.9999999999999995475e-07
9.9999999999999995475e-07
9.9999999999999995475e-07
9.9999999999999995475e-07
Function value: 1.37145e+10
Variables: 20
39535.519999999996799
4476
9.9999999999999995475e-07
9.9999999999999995475e-07
32149.268660397036001
19074.810867211206642
13971.597768256260679
1471.3180173083912905
9.9999999999999995475e-07
1979.5320643423124238
9.9999999999999995475e-07
9.9999999999999995475e-07
9.9999999999999995475e-07
9.9999999999999995475e-07
9.9999999999999995475e-07
7627.5205277550630854
9.9999999999999995475e-07
9.9999999999999995475e-07
9.9999999999999995475e-07
9.9999999999999995475e-07
Function value: 1.07676e+10
Variables: 20
39535.519999999996799
6766.5848164791277668
9.9999999999999995475e-07
9.9999999999999995475e-07
31643.483406914660009
10413.45797256836704
12291.727120988784009
3478.8606637464490632
9.9999999999999995475e-07
9.9999999999999995475e-07
1432.83883113621755
9.9999999999999995475e-07
9.9999999999999995475e-07
9.9999999999999995475e-07
9.9999999999999995475e-07
8275.4619193723265198
9.9999999999999995475e-07
9.9999999999999995475e-07
9.9999999999999995475e-07
9.9999999999999995475e-07
Function value: 1.09005e+10
Variables: 20
39535.519999999996799
4476
847.62289470209032061
229.59743057720072557
27471.049250532832957
6144.4002133130370567
9208.1419826916080638
3173.2508397967349083
383.10191701571960721
1566.8916105986270395
9.9999999999999995475e-07
9.9999999999999995475e-07
9.9999999999999995475e-07
9.9999999999999995475e-07
9.9999999999999995475e-07
4791.6445686278657377
9.9999999999999995475e-07
9.9999999999999995475e-07
9.9999999999999995475e-07
9.9999999999999995475e-07
Function value: 1.08258e+10
Variables: 20
39535.519999999996799
4476
9.9999999999999995475e-07
9.9999999999999995475e-07
28196.461644968760083
6944.988251794909047
9706.5636668210809148
1471.3180173083912905
9.9999999999999995475e-07
9.9999999999999995475e-07
389.24230498182032534
9.9999999999999995475e-07
9.9999999999999995475e-07
9.9999999999999995475e-07
9.9999999999999995475e-07
1279.6930745053205101
9.9999999999999995475e-07
9.9999999999999995475e-07
9.9999999999999995475e-07
9.9999999999999995475e-07
Function value: 1.05217e+10
Variables: 20
39535.519999999996799
4476
9.9999999999999995475e-07
267.1909003567212153
40591.3164143901231
12189.241593032073069
9208.1419826916080638
1471.3180173083912905
9.9999999999999995475e-07
523.21839669637665793
761.87982458125316043
9.9999999999999995475e-07
9.9999999999999995475e-07
9.9999999999999995475e-07
9.9999999999999995475e-07
4119.8283045320695237
9.9999999999999995475e-07
9.9999999999999995475e-07
9.9999999999999995475e-07
9.9999999999999995475e-07
Function value: 1.03231e+10
Variables: 20
39535.519999999996799
4476
745.18990548374381433
9.9999999999999995475e-07
58098.996629158951691
18886.742348767729709
10975.449410703184185
1471.3180173083912905
1512.4389937528969767
415.08776195710265711
893.70563247544896512
9.9999999999999995475e-07
9.9999999999999995475e-07
9.9999999999999995475e-07
9.9999999999999995475e-07
8037.0228902874478081
9.9999999999999995475e-07
9.9999999999999995475e-07
9.9999999999999995475e-07
9.9999999999999995475e-07
Function value: 1.07806e+10
Variables: 20
39535.519999999996799
4476
9.9999999999999995475e-07
9.9999999999999995475e-07
52162.289942465649801
12513.108504521640498
9694.0074163112622045
2736.4265855137582548
345.03069017032953525
9.9999999999999995475e-07
9.9999999999999995475e-07
9.9999999999999995475e-07
9.9999999999999995475e-07
9.9999999999999995475e-07
9.9999999999999995475e-07
4061.2061323410157456
9.9999999999999995475e-07
9.9999999999999995475e-07
9.9999999999999995475e-07
9.9999999999999995475e-07
Function value: 1.01413e+10
Variables: 20
39535.519999999996799
4476
9.9999999999999995475e-07
1465.6093274032577938
63828.75181475628051
6819.3248124686206211
10262.149185935179048
3395.3836339586023314
9.9999999999999995475e-07
9.9999999999999995475e-07
513.21349294245555939
9.9999999999999995475e-07
9.9999999999999995475e-07
9.9999999999999995475e-07
9.9999999999999995475e-07
5097.1931933977602966
9.9999999999999995475e-07
9.9999999999999995475e-07
9.9999999999999995475e-07
9.9999999999999995475e-07
Function value: 1.04061e+10
Variables: 20
39535.519999999996799
5765.5949952054488676
415.66575931592080906
9.9999999999999995475e-07
55972.927510684618028
8211.1248014700777276
9208.1419826916080638
1471.3180173083912905
9.9999999999999995475e-07
323.79427074321023383
9.9999999999999995475e-07
9.9999999999999995475e-07
9.9999999999999995475e-07
9.9999999999999995475e-07
9.9999999999999995475e-07
3611.8853016091698009
9.9999999999999995475e-07
9.9999999999999995475e-07
9.9999999999999995475e-07
9.9999999999999995475e-07
Function value: 1.02005e+10
Variables: 20
39535.519999999996799
4476
9.9999999999999995475e-07
9.9999999999999995475e-07
53867.046051506651565
5771.996819145385416
9208.1419826916080638
1471.3180173083912905
696.47110247910393355
9.9999999999999995475e-07
201.08348592459014981
9.9999999999999995475e-07
9.9999999999999995475e-07
9.9999999999999995475e-07
9.9999999999999995475e-07
5061.3268866367707233
9.9999999999999995475e-07
9.9999999999999995475e-07
9.9999999999999995475e-07
9.9999999999999995475e-07
Function value: 1.00967e+10
Variables: 20
39535.519999999996799
4476
9.9999999999999995475e-07
9.9999999999999995475e-07
58084.291594350332161
1153.4058162686822016
10758.750196574999791
1731.9899618754284347
547.8506623179187045
632.01822630319827567
9.9999999999999995475e-07
9.9999999999999995475e-07
9.9999999999999995475e-07
9.9999999999999995475e-07
9.9999999999999995475e-07
3051.2070370972501223
9.9999999999999995475e-07
9.9999999999999995475e-07
9.9999999999999995475e-07
9.9999999999999995475e-07
Function value: 1.02171e+10
Variables: 20
39535.519999999996799
4476
9.9999999999999995475e-07
9.9999999999999995475e-07
58283.917846221156651
6372.9262784335560355
9341.4307822870778182
2635.2960606960914447
564.112630945428009
570.35719181419824508
9.9999999999999995475e-07
9.9999999999999995475e-07
9.9999999999999995475e-07
9.9999999999999995475e-07
9.9999999999999995475e-07
5054.9520978160053346
9.9999999999999995475e-07
9.9999999999999995475e-07
9.9999999999999995475e-07
9.9999999999999995475e-07
Function value: 1.01597e+10
Variables: 20
39535.519999999996799
4476
838.94871309332972942
9.9999999999999995475e-07
57245.519759622067795
3165.1487239870084522
9861.3935216380923521
2087.7084827332246277
418.14797266420202959
9.9999999999999995475e-07
558.53464162102420687
9.9999999999999995475e-07
9.9999999999999995475e-07
9.9999999999999995475e-07
9.9999999999999995475e-07
1263.6624031981045846
9.9999999999999995475e-07
9.9999999999999995475e-07
9.9999999999999995475e-07
9.9999999999999995475e-07
Function value: 1.02863e+10
Variables: 20
39535.519999999996799
4476
26.230470097121926898
340.27544077049071802
54944.239425797888543
2352.981452599467957
9208.1419826916080638
1607.720281795199071
9.9999999999999995475e-07
13.275183628796787261
9.9999999999999995475e-07
9.9999999999999995475e-07
9.9999999999999995475e-07
9.9999999999999995475e-07
9.9999999999999995475e-07
2444.1021389988713963
9.9999999999999995475e-07
9.9999999999999995475e-07
9.9999999999999995475e-07
9.9999999999999995475e-07
Function value: 1.00311e+10
Variables: 20
39535.519999999996799
4476
9.9999999999999995475e-07
56.06271038566541165
60808.286636302960687
3314.3901058307774292
9234.6225849596849002
1471.3180173083912905
9.9999999999999995475e-07
9.9999999999999995475e-07
87.20535937028982687
9.9999999999999995475e-07
9.9999999999999995475e-07
9.9999999999999995475e-07
9.9999999999999995475e-07
2124.6611766402247667
9.9999999999999995475e-07
9.9999999999999995475e-07
9.9999999999999995475e-07
9.9999999999999995475e-07
Function value: 9.95805e+09
Variables: 20
39535.519999999996799
4476
276.8309822740858408
9.9999999999999995475e-07
66049.767893329000799
1202.6894034358649606
9208.1419826916080638
1568.6683220012653237
107.81494115599673478
9.9999999999999995475e-07
159.74448199891818945
9.9999999999999995475e-07
9.9999999999999995475e-07
9.9999999999999995475e-07
9.9999999999999995475e-07
3364.3090279147518231
9.9999999999999995475e-07
9.9999999999999995475e-07
9.9999999999999995475e-07
9.9999999999999995475e-07
Function value: 1.00376e+10
Variables: 20
39535.519999999996799
4476
37.198486832263910173
106.83973796581541649
64919.092803806677694
2931.1042266690556062
9208.1419826916080638
1638.0436517699665728
9.9999999999999995475e-07
71.663412956933242981
9.9999999999999995475e-07
9.9999999999999995475e-07
9.9999999999999995475e-07
9.9999999999999995475e-07
9.9999999999999995475e-07
1000
9.9999999999999995475e-07
9.9999999999999995475e-07
9.9999999999999995475e-07
9.9999999999999995475e-07
Function value: 9.98922e+09
Variables: 20
39535.519999999996799
4476
28.161928366036445226
99.992792818905570584
61863.794353958874126
5276.1725456952563036
9208.1419826916080638
1682.729147818409956
9.9999999999999995475e-07
45.857816053260691547
9.9999999999999995475e-07
9.9999999999999995475e-07
9.9999999999999995475e-07
9.9999999999999995475e-07
9.9999999999999995475e-07
1679.5502632092627664
9.9999999999999995475e-07
9.9999999999999995475e-07
9.9999999999999995475e-07
9.9999999999999995475e-07
Function value: 9.97989e+09
Variables: 20
39535.519999999996799
4549.8737326406153443
0.35838526780477186762
9.9999999999999995475e-07
61856.356820452492684
1303.6000020338863123
9208.1419826916080638
1582.7082723344469741
9.9999999999999995475e-07
2.8561089702806721213
9.9999999999999995475e-07
9.9999999999999995475e-07
9.9999999999999995475e-07
9.9999999999999995475e-07
9.9999999999999995475e-07
1278.1193546287895515
9.9999999999999995475e-07
9.9999999999999995475e-07
9.9999999999999995475e-07
9.9999999999999995475e-07
Function value: 9.95585e+09
Variables: 20
39535.519999999996799
4476
3.5655667279088016919
9.9999999999999995475e-07
61347.76133421578561
2846.1557653927402498
9208.1419826916080638
1490.4933643771692005
34.370496389926920244
7.5609770605535127075
9.9999999999999995475e-07
9.9999999999999995475e-07
9.9999999999999995475e-07
9.9999999999999995475e-07
9.9999999999999995475e-07
1450.3712942279146318
9.9999999999999995475e-07
9.9999999999999995475e-07
9.9999999999999995475e-07
9.9999999999999995475e-07
Function value: 9.9425e+09
Variables: 20
39535.519999999996799
4476
9.9999999999999995475e-07
10.247267027089428382
64091.763697539048735
2163.9124144200195587
9307.193482293656416
1624.5053895781284155
9.9999999999999995475e-07
9.9999999999999995475e-07
21.441789729569961764
9.9999999999999995475e-07
9.9999999999999995475e-07
9.9999999999999995475e-07
9.9999999999999995475e-07
1247.596934425100244
9.9999999999999995475e-07
9.9999999999999995475e-07
9.9999999999999995475e-07
9.9999999999999995475e-07
Function value: 9.95394e+09
Variables: 20
39535.519999999996799
4550.4339853367937394
9.9999999999999995475e-07
9.9999999999999995475e-07
64235.57771494561166
3337.1329094056472968
9256.5692579936767288
1509.5559767179152004
9.9999999999999995475e-07
4.530393680838183279
9.9999999999999995475e-07
9.9999999999999995475e-07
9.9999999999999995475e-07
9.9999999999999995475e-07
9.9999999999999995475e-07
1704.8487360860619901
9.9999999999999995475e-07
9.9999999999999995475e-07
9.9999999999999995475e-07
9.9999999999999995475e-07
Function value: 9.94956e+09
Variables: 20
39535.519999999996799
4476
9.9999999999999995475e-07
29.54519071908023875
62856.066698083042866
1855.6416734582369372
9208.1419826916080638
1574.2328824859514498
9.9999999999999995475e-07
10.717363543897599598
9.9999999999999995475e-07
9.9999999999999995475e-07
9.9999999999999995475e-07
9.9999999999999995475e-07
9.9999999999999995475e-07
2073.3962825806215733
9.9999999999999995475e-07
9.9999999999999995475e-07
9.9999999999999995475e-07
9.9999999999999995475e-07
Function value: 9.94641e+09
Variables: 20
39535.519999999996799
4476
9.9999999999999995475e-07
9.9999999999999995475e-07
63536.308419276960194
2443.8499078588561133
9208.1419826916080638
1489.3548219521844658
4.7858811243008245739
9.9999999999999995475e-07
8.3873342727838000599
9.9999999999999995475e-07
9.9999999999999995475e-07
9.9999999999999995475e-07
9.9999999999999995475e-07
1592.1740460847033773
9.9999999999999995475e-07
9.9999999999999995475e-07
9.9999999999999995475e-07
9.9999999999999995475e-07
Function value: 9.93637e+09
Variables: 20
39535.519999999996799
4476
15.425145491972859446
2.1004603846205593953
64142.41286081718863
1933.5984126596695205
9225.9132113750220014
1471.3180173083912905
9.9999999999999995475e-07
3.3548190750932889159
9.9999999999999995475e-07
9.9999999999999995475e-07
9.9999999999999995475e-07
9.9999999999999995475e-07
9.9999999999999995475e-07
1600.3310825872049463
9.9999999999999995475e-07
9.9999999999999995475e-07
9.9999999999999995475e-07
9.9999999999999995475e-07
Function value: 9.93916e+09
Variables: 20
39535.519999999996799
4476
19.994987857583460311
19.481625213308468858
62905.198024225450354
3069.5993832885228585
9243.7200606669484841
1537.9085739502529577
9.9999999999999995475e-07
9.9999999999999995475e-07
11.391940661576601457
9.9999999999999995475e-07
9.9999999999999995475e-07
9.9999999999999995475e-07
9.9999999999999995475e-07
1756.6464681443094378
9.9999999999999995475e-07
9.9999999999999995475e-07
9.9999999999999995475e-07
9.9999999999999995475e-07
Function value: 9.94666e+09
Variables: 20
39535.519999999996799
4476
9.9999999999999995475e-07
9.9999999999999995475e-07
62596.962055443000281
2689.0292622050328646
9233.6099542862702947
1471.3180173083912905
11.873371102909940689
11.611139980654765935
9.9999999999999995475e-07
9.9999999999999995475e-07
9.9999999999999995475e-07
9.9999999999999995475e-07
9.9999999999999995475e-07
1855.310073118138007
9.9999999999999995475e-07
9.9999999999999995475e-07
9.9999999999999995475e-07
9.9999999999999995475e-07
Function value: 9.93896e+09
Variables: 20
39535.519999999996799
4476
9.9999999999999995475e-07
1.3401026335910748433
62410.476495544309728
2289.8239219109718761
9208.1419826916080638
1471.3180173083912905
9.9999999999999995475e-07
0.43187373391622929653
9.9999999999999995475e-07
9.9999999999999995475e-07
9.9999999999999995475e-07
9.9999999999999995475e-07
9.9999999999999995475e-07
1468.4608763539390566
9.9999999999999995475e-07
9.9999999999999995475e-07
9.9999999999999995475e-07
9.9999999999999995475e-07
Function value: 9.93439e+09
Variables: 20
39535.519999999996799
4476
9.9999999999999995475e-07
9.9999999999999995475e-07
62469.700129834891413
2404.2801788386000226
9210.332398099171769
1481.1302188760705576
9.9999999999999995475e-07
3.2796595319551449244
9.9999999999999995475e-07
9.9999999999999995475e-07
9.9999999999999995475e-07
9.9999999999999995475e-07
9.9999999999999995475e-07
1568.3103480927838973
9.9999999999999995475e-07
9.9999999999999995475e-07
9.9999999999999995475e-07
9.9999999999999995475e-07
Function value: 9.93474e+09
Variables: 20
39535.519999999996799
4476
3.9898621298391474532
0.0044461544728916215993
62622.568648305081297
2246.7059150534723813
9208.1419826916080638
1471.3180173083912905
2.6176713436625349551
9.9999999999999995475e-07
9.9999999999999995475e-07
9.9999999999999995475e-07
9.9999999999999995475e-07
9.9999999999999995475e-07
9.9999999999999995475e-07
1535.6190932393110415
9.9999999999999995475e-07
9.9999999999999995475e-07
9.9999999999999995475e-07
9.9999999999999995475e-07
Function value: 9.93492e+09
Variables: 20
39535.519999999996799
4476
2.2808607117560084632
0.28871845162783876804
63172.924349089895259
2503.2548326909150092
9208.1419826916080638
1471.3180173083912905
2.1990196169748852384
4.8220933046517266973
1.3691230423723563803
9.9999999999999995475e-07
9.9999999999999995475e-07
9.9999999999999995475e-07
9.9999999999999995475e-07
1468.1252068961416626
9.9999999999999995475e-07
9.9999999999999995475e-07
9.9999999999999995475e-07
9.9999999999999995475e-07
Function value: 9.93528e+09
Variables: 20
39535.519999999996799
4476
9.9999999999999995475e-07
0.46309681108305517094
62580.239817247653264
2686.5658069287701437
9208.1419826916080638
1471.3180173083912905
0.73470892043604285604
9.9999999999999995475e-07
9.9999999999999995475e-07
9.9999999999999995475e-07
9.9999999999999995475e-07
9.9999999999999995475e-07
9.9999999999999995475e-07
1625.7137448599642084
9.9999999999999995475e-07
9.9999999999999995475e-07
9.9999999999999995475e-07
9.9999999999999995475e-07
Function value: 9.93386e+09
Variables: 20
39535.519999999996799
4476
1.039086589864985255
9.9999999999999995475e-07
62966.531724489002954
2418.8476579876205506
9208.1419826916080638
1471.9651345192123699
9.9999999999999995475e-07
9.9999999999999995475e-07
9.9999999999999995475e-07
9.9999999999999995475e-07
9.9999999999999995475e-07
9.9999999999999995475e-07
9.9999999999999995475e-07
1605.6545474619924789
9.9999999999999995475e-07
9.9999999999999995475e-07
9.9999999999999995475e-07
9.9999999999999995475e-07
Function value: 9.93384e+09
Variables: 20
39535.519999999996799
4476
9.9999999999999995475e-07
9.9999999999999995475e-07
62903.998875879173283
2523.4050814822403481
9209.3686751336863381
1471.3180173083912905
9.9999999999999995475e-07
9.9999999999999995475e-07
0.48333390077491839021
9.9999999999999995475e-07
9.9999999999999995475e-07
9.9999999999999995475e-07
9.9999999999999995475e-07
1563.4686636041130896
9.9999999999999995475e-07
9.9999999999999995475e-07
9.9999999999999995475e-07
9.9999999999999995475e-07
Function value: 9.93372e+09
Variables: 20
39535.519999999996799
4476
9.9999999999999995475e-07
9.9999999999999995475e-07
62795.302227523250622
2647.8954997925325188
9208.8157473910941917
1473.3776541840718437
0.42861372029221672664
9.9999999999999995475e-07
9.9999999999999995475e-07
9.9999999999999995475e-07
9.9999999999999995475e-07
9.9999999999999995475e-07
9.9999999999999995475e-07
1519.5491410595864181
9.9999999999999995475e-07
9.9999999999999995475e-07
9.9999999999999995475e-07
9.9999999999999995475e-07
Function value: 9.93385e+09
Variables: 20
39535.519999999996799
4476
9.9999999999999995475e-07
0.20065564232936994316
62996.392556046688696
2608.6121861812243878
9208.6489888294290722
1472.2375863908384872
0.21778673275142637622
0.92952153581726881804
9.9999999999999995475e-07
9.9999999999999995475e-07
9.9999999999999995475e-07
9.9999999999999995475e-07
9.9999999999999995475e-07
1602.8391002663283871
9.9999999999999995475e-07
9.9999999999999995475e-07
9.9999999999999995475e-07
9.9999999999999995475e-07
Function value: 9.93389e+09
Variables: 20
39535.519999999996799
4476
0.42615078773916043042
0.17119961747611039948
62518.832841676397948
2551.0409256301031746
9208.1419826916080638
1474.1519963404912232
0.33852592989453222927
9.9999999999999995475e-07
1.269379880912009817
9.9999999999999995475e-07
9.9999999999999995475e-07
9.9999999999999995475e-07
9.9999999999999995475e-07
1555.9507529170439284
9.9999999999999995475e-07
9.9999999999999995475e-07
9.9999999999999995475e-07
9.9999999999999995475e-07
Function value: 9.9341e+09
Variables: 20
39535.519999999996799
4476
9.9999999999999995475e-07
9.9999999999999995475e-07
63118.496589467482409
2286.822944935722262
9208.8677143737895676
1473.0165601850085295
9.9999999999999995475e-07
0.02940283749340622324
0.34195294617058918929
9.9999999999999995475e-07
9.9999999999999995475e-07
9.9999999999999995475e-07
9.9999999999999995475e-07
1485.8432051003064771
9.9999999999999995475e-07
9.9999999999999995475e-07
9.9999999999999995475e-07
9.9999999999999995475e-07
Function value: 9.93399e+09
Variables: 20
39535.519999999996799
4476
0.016665841267944386112
9.9999999999999995475e-07
62930.146390958310803
2431.6276521030431468
9208.1419826916080638
1471.7906254852387065
9.9999999999999995475e-07
0.10712748612720335295
9.9999999999999995475e-07
9.9999999999999995475e-07
9.9999999999999995475e-07
9.9999999999999995475e-07
9.9999999999999995475e-07
1513.6447893928834674
9.9999999999999995475e-07
9.9999999999999995475e-07
9.9999999999999995475e-07
9.9999999999999995475e-07
Function value: 9.93365e+09
Variables: 20
39535.519999999996799
4476
0.31152384775423502816
0.0075467344796723845324
63097.815263992000837
2559.1191833301336374
9208.1419826916080638
1472.0181399966722893
9.9999999999999995475e-07
9.9999999999999995475e-07
0.31785391433675452832
9.9999999999999995475e-07
9.9999999999999995475e-07
9.9999999999999995475e-07
9.9999999999999995475e-07
1551.0392529118266793
9.9999999999999995475e-07
9.9999999999999995475e-07
9.9999999999999995475e-07
9.9999999999999995475e-07
Function value: 9.93373e+09
Variables: 20
39535.519999999996799
4476
9.9999999999999995475e-07
9.9999999999999995475e-07
63038.346156340645393
2406.072014384162685
9208.1419826916080638
1471.5584518852786005
0.34224321178535854759
9.9999999999999995475e-07
0.1900752395072918266
9.9999999999999995475e-07
9.9999999999999995475e-07
9.9999999999999995475e-07
9.9999999999999995475e-07
1534.8251943582865806
9.9999999999999995475e-07
9.9999999999999995475e-07
9.9999999999999995475e-07
9.9999999999999995475e-07
Function value: 9.93369e+09
Variables: 20
39535.519999999996799
4476
9.9999999999999995475e-07
0.086340568910049070306
62856.314223374123685
2527.2117439811522672
9208.1419826916080638
1471.3180173083912905
0.093908094430006472386
0.040627419334489697778
9.9999999999999995475e-07
9.9999999999999995475e-07
9.9999999999999995475e-07
9.9999999999999995475e-07
9.9999999999999995475e-07
1530.1643226136070552
9.9999999999999995475e-07
9.9999999999999995475e-07
9.9999999999999995475e-07
9.9999999999999995475e-07
Function value: 9.93362e+09
Variables: 20
39535.519999999996799
4476
0.23826272018018013199
9.9999999999999995475e-07
62937.790977116746944
2477.9694830031744459
9208.366003139562963
1471.3180173083912905
0.18530693680871193618
9.9999999999999995475e-07
0.0057189529187701678217
9.9999999999999995475e-07
9.9999999999999995475e-07
9.9999999999999995475e-07
9.9999999999999995475e-07
1554.2387451879965283
9.9999999999999995475e-07
9.9999999999999995475e-07
9.9999999999999995475e-07
9.9999999999999995475e-07
Function value: 9.93366e+09
Variables: 20
39535.519999999996799
4476
0.0048464581031587398996
9.9999999999999995475e-07
62840.269723767094547
2522.1771892890210438
9208.1419826916080638
1471.689033985071319
0.0098839890434553306225
0.016143868385351325956
9.9999999999999995475e-07
9.9999999999999995475e-07
9.9999999999999995475e-07
9.9999999999999995475e-07
9.9999999999999995475e-07
1552.0729145744726338
9.9999999999999995475e-07
9.9999999999999995475e-07
9.9999999999999995475e-07
9.9999999999999995475e-07
Function value: 9.9336e+09
Variables: 20
39535.519999999996799
4476
9.9999999999999995475e-07
0.12437299541335583575
62841.83704391696665
2498.4923549498780631
9208.5312417071691016
1471.7453502181792828
9.9999999999999995475e-07
9.9999999999999995475e-07
0.036376106325253301788
9.9999999999999995475e-07
9.9999999999999995475e-07
9.9999999999999995475e-07
9.9999999999999995475e-07
1527.4040289418876455
9.9999999999999995475e-07
9.9999999999999995475e-07
9.9999999999999995475e-07
9.9999999999999995475e-07
Function value: 9.93365e+09
Variables: 20
39535.519999999996799
4476
9.9999999999999995475e-07
0.10520516137381968891
63030.268426781520247
2449.1532716240189984
9208.1419826916080638
1471.4108716874586662
9.9999999999999995475e-07
0.031634726030409773823
9.9999999999999995475e-07
9.9999999999999995475e-07
9.9999999999999995475e-07
9.9999999999999995475e-07
9.9999999999999995475e-07
1554.6858098324598814
9.9999999999999995475e-07
9.9999999999999995475e-07
9.9999999999999995475e-07
9.9999999999999995475e-07
Function value: 9.93361e+09
Variables: 20
39535.519999999996799
4476
0.0039068818746381336893
9.9999999999999995475e-07
63022.266743419677368
2526.0975703538611015
9208.2944492298684054
1471.3931228338869914
9.9999999999999995475e-07
0.054411834059547491138
9.9999999999999995475e-07
9.9999999999999995475e-07
9.9999999999999995475e-07
9.9999999999999995475e-07
9.9999999999999995475e-07
1539.5603445738361188
9.9999999999999995475e-07
9.9999999999999995475e-07
9.9999999999999995475e-07
9.9999999999999995475e-07
Function value: 9.93361e+09
Variables: 20
39535.519999999996799
4476
9.9999999999999995475e-07
0.03547635348234802477
62948.14518650167156
2527.6946045471345315
9208.1419826916080638
1471.3728089422238554
0.013206931406240693741
9.9999999999999995475e-07
0.021299260118680621301
9.9999999999999995475e-07
9.9999999999999995475e-07
9.9999999999999995475e-07
9.9999999999999995475e-07
1549.5672352124352074
9.9999999999999995475e-07
9.9999999999999995475e-07
9.9999999999999995475e-07
9.9999999999999995475e-07
Function value: 9.93359e+09
Variables: 20
39535.519999999996799
4476
9.9999999999999995475e-07
0.029772765092209059479
62897.657704652068787
2505.3114298062891976
9208.2207227364961
1471.3303583633839935
9.9999999999999995475e-07
0.03094376036459383153
9.9999999999999995475e-07
9.9999999999999995475e-07
9.9999999999999995475e-07
9.9999999999999995475e-07
9.9999999999999995475e-07
1549.0342727227134674
9.9999999999999995475e-07
9.9999999999999995475e-07
9.9999999999999995475e-07
9.9999999999999995475e-07
Function value: 9.93359e+09
Variables: 20
39535.519999999996799
4476
0.0032455564006149658154
9.9999999999999995475e-07
62842.294681824219879
2509.1404288769444975
9208.1419826916080638
1471.3180173083912905
9.9999999999999995475e-07
9.9999999999999995475e-07
0.017408155970343192759
9.9999999999999995475e-07
9.9999999999999995475e-07
9.9999999999999995475e-07
9.9999999999999995475e-07
1546.1937657259945809
9.9999999999999995475e-07
9.9999999999999995475e-07
9.9999999999999995475e-07
9.9999999999999995475e-07
Function value: 9.93358e+09
Variables: 20
39535.519999999996799
4476
0.0070500053519448610886
9.9999999999999995475e-07
62907.929753666481702
2516.2800318221925409
9208.1419826916080638
1471.3180173083912905
9.9999999999999995475e-07
9.9999999999999995475e-07
0.0025170946546446441514
9.9999999999999995475e-07
9.9999999999999995475e-07
9.9999999999999995475e-07
9.9999999999999995475e-07
1550.8105683876749481
9.9999999999999995475e-07
9.9999999999999995475e-07
9.9999999999999995475e-07
9.9999999999999995475e-07
Function value: 9.93358e+09
Variables: 20
39535.519999999996799
4476
9.9999999999999995475e-07
9.9999999999999995475e-07
62886.395643543975893
2506.0513475351858688
9208.1419826916080638
1471.3180173083912905
0.0090958953234339008642
9.9999999999999995475e-07
0.0036924013700690956966
9.9999999999999995475e-07
9.9999999999999995475e-07
9.9999999999999995475e-07
9.9999999999999995475e-07
1548.3910463384600007
9.9999999999999995475e-07
9.9999999999999995475e-07
9.9999999999999995475e-07
9.9999999999999995475e-07
Function value: 9.93358e+09
Variables: 20
39535.519999999996799
4476
9.9999999999999995475e-07
9.9999999999999995475e-07
62864.673879549707635
2491.7214553722405981
9208.1419826916080638
1471.3780134050275592
0.00026912985552347899569
9.9999999999999995475e-07
0.024464582359023583774
9.9999999999999995475e-07
9.9999999999999995475e-07
9.9999999999999995475e-07
9.9999999999999995475e-07
1551.7027335306543137
9.9999999999999995475e-07
9.9999999999999995475e-07
9.9999999999999995475e-07
9.9999999999999995475e-07
Function value: 9.93358e+09
Variables: 20
39535.519999999996799
4476
0.0018192472337008036825
9.9999999999999995475e-07
62917.850077879978926
2507.4892726541129377
9208.1419826916080638
1471.3305986193554418
0.0068697242947098821619
9.9999999999999995475e-07
9.9999999999999995475e-07
9.9999999999999995475e-07
9.9999999999999995475e-07
9.9999999999999995475e-07
9.9999999999999995475e-07
1551.9441620924121708
9.9999999999999995475e-07
9.9999999999999995475e-07
9.9999999999999995475e-07
9.9999999999999995475e-07
Function value: 9.93358e+09
Variables: 20
39535.519999999996799
4476
0.0054868985877661565279
9.9999999999999995475e-07
62871.835803796260734
2521.1993554545670122
9208.1675833221179346
1471.3357527460864276
0.0063617763940064147102
9.9999999999999995475e-07
0.011163861594928409238
9.9999999999999995475e-07
9.9999999999999995475e-07
9.9999999999999995475e-07
9.9999999999999995475e-07
1550.3648757873388604
9.9999999999999995475e-07
9.9999999999999995475e-07
9.9999999999999995475e-07
9.9999999999999995475e-07
Function value: 9.93358e+09
Variables: 20
39535.519999999996799
4476
9.9999999999999995475e-07
9.9999999999999995475e-07
62928.768147248309106
2511.7088415154130416
9208.1419826916080638
1471.3200770968260258
0.0083679645305388024312
0.016085126646325092342
0.008559680524167693691
9.9999999999999995475e-07
9.9999999999999995475e-07
9.9999999999999995475e-07
9.9999999999999995475e-07
1553.1583671092744225
9.9999999999999995475e-07
9.9999999999999995475e-07
9.9999999999999995475e-07
9.9999999999999995475e-07
Function value: 9.93358e+09
Variables: 20
39535.519999999996799
4476
0.0027509774078285234925
0.010681525383316584077
62891.257566875006887
2503.002802872807024
9208.1419826916080638
1471.3180173083912905
0.0056707661078432732016
9.9999999999999995475e-07
0.0054923014235527594859
9.9999999999999995475e-07
9.9999999999999995475e-07
9.9999999999999995475e-07
9.9999999999999995475e-07
1551.7174088630836195
9.9999999999999995475e-07
9.9999999999999995475e-07
9.9999999999999995475e-07
9.9999999999999995475e-07
Function value: 9.93358e+09
Variables: 20
39535.519999999996799
4476
0.001428496366917462795
9.9999999999999995475e-07
62926.484661101800157
2502.8695035966879914
9208.1445051494574727
1471.3180173083912905
0.00087978268499049820228
9.9999999999999995475e-07
0.0012087783911067804046
9.9999999999999995475e-07
9.9999999999999995475e-07
9.9999999999999995475e-07
9.9999999999999995475e-07
1549.3192235568403703
9.9999999999999995475e-07
9.9999999999999995475e-07
9.9999999999999995475e-07
9.9999999999999995475e-07
Function value: 9.93358e+09
Variables: 20
39535.519999999996799
4476
9.9999999999999995475e-07
0.0010229548025698545054
62907.44538490253035
2513.920504499582421
9208.1419826916080638
1471.3180173083912905
0.0012306690537450348886
0.00050762665001483780764
0.0004922750616937536473
9.9999999999999995475e-07
9.9999999999999995475e-07
9.9999999999999995475e-07
9.9999999999999995475e-07
1550.235607025381114
9.9999999999999995475e-07
9.9999999999999995475e-07
9.9999999999999995475e-07
9.9999999999999995475e-07
Function value: 9.93358e+09
Variables: 20
39535.519999999996799
4476
9.9999999999999995475e-07
9.9999999999999995475e-07
62902.207710763192154
2507.0575821735192221
9208.1436215078319947
1471.3212196825122646
0.00034455097950078440901
9.9999999999999995475e-07
0.0016371985763842333925
9.9999999999999995475e-07
9.9999999999999995475e-07
9.9999999999999995475e-07
9.9999999999999995475e-07
1550.4301355486309149
9.9999999999999995475e-07
9.9999999999999995475e-07
9.9999999999999995475e-07
9.9999999999999995475e-07
Function value: 9.93358e+09
Variables: 20
39535.519999999996799
4476
0.00095552417569469644352
9.9999999999999995475e-07
62896.378996661369456
2507.1126909444719786
9208.1419826916080638
1471.3194288426159346
0.0001997036098847831064
4.1541825912963597459e-05
0.00058914031825874231801
9.9999999999999995475e-07
9.9999999999999995475e-07
9.9999999999999995475e-07
9.9999999999999995475e-07
1549.7957326605078379
9.9999999999999995475e-07
9.9999999999999995475e-07
9.9999999999999995475e-07
9.9999999999999995475e-07
Function value: 9.93358e+09
Variables: 20
39535.519999999996799
4476
0.00062220880574375065416
9.9999999999999995475e-07
62904.777703815940185
2511.9743355961345515
9208.1438565122825821
1471.3185488931978853
9.9999999999999995475e-07
9.9999999999999995475e-07
9.9999999999999995475e-07
9.9999999999999995475e-07
9.9999999999999995475e-07
9.9999999999999995475e-07
9.9999999999999995475e-07
1550.0983738992176768
9.9999999999999995475e-07
9.9999999999999995475e-07
9.9999999999999995475e-07
9.9999999999999995475e-07
Function value: 9.93358e+09
Variables: 20
39535.519999999996799
4476
9.9999999999999995475e-07
0.00018281044948250136923
62880.988126450320124
2512.6516293637023409
9208.142366261297866
1471.3183903817146074
0.00014541226362842183686
9.9999999999999995475e-07
9.9999999999999995475e-07
9.9999999999999995475e-07
9.9999999999999995475e-07
9.9999999999999995475e-07
9.9999999999999995475e-07
1550.4102663932790165
9.9999999999999995475e-07
9.9999999999999995475e-07
9.9999999999999995475e-07
9.9999999999999995475e-07
Function value: 9.93358e+09
Variables: 20
39535.519999999996799
4476
6.5956001899955239991e-05
0.00011150064890803329108
62894.942511722983909
2508.7684375541784902
9208.1420990489550604
1471.3180173083912905
9.9999999999999995475e-07
9.9999999999999995475e-07
9.9999999999999995475e-07
9.9999999999999995475e-07
9.9999999999999995475e-07
9.9999999999999995475e-07
9.9999999999999995475e-07
1550.2682231015121488
9.9999999999999995475e-07
9.9999999999999995475e-07
9.9999999999999995475e-07
9.9999999999999995475e-07
Function value: 9.93358e+09
Variables: 20
39535.519999999996799
4476
9.9999999999999995475e-07
9.2940330355070638617e-05
62896.231303060354549
2508.7378083073444941
9208.1419826916080638
1471.3182421208889537
9.9999999999999995475e-07
9.9999999999999995475e-07
9.9999999999999995475e-07
9.9999999999999995475e-07
9.9999999999999995475e-07
9.9999999999999995475e-07
9.9999999999999995475e-07
1550.243205748627588
9.9999999999999995475e-07
9.9999999999999995475e-07
9.9999999999999995475e-07
9.9999999999999995475e-07
Function value: 9.93358e+09
Variables: 20
39535.519999999996799
4476
9.9999999999999995475e-07
1.1205902743945435346e-05
62896.613766670197947
2508.5291850721259834
9208.1421548193884519
1471.3180173083912905
9.9999999999999995475e-07
6.5278524707595034855e-05
9.9999999999999995475e-07
9.9999999999999995475e-07
9.9999999999999995475e-07
9.9999999999999995475e-07
9.9999999999999995475e-07
1550.2268979861551088
9.9999999999999995475e-07
9.9999999999999995475e-07
9.9999999999999995475e-07
9.9999999999999995475e-07
Function value: 9.93358e+09
Variables: 20
39535.519999999996799
4476
9.9999999999999995475e-07
9.9999999999999995475e-07
62895.320499137305887
2509.2354353340697344
9208.1419910859331139
1471.3181181502322943
9.9999999999999995475e-07
4.4386662005830469096e-05
9.9999999999999995475e-07
9.9999999999999995475e-07
9.9999999999999995475e-07
9.9999999999999995475e-07
9.9999999999999995475e-07
1550.2820818064587911
9.9999999999999995475e-07
9.9999999999999995475e-07
9.9999999999999995475e-07
9.9999999999999995475e-07
Function value: 9.93358e+09
Variables: 20
39535.519999999996799
4476
6.8096864892021526799e-06
9.9999999999999995475e-07
62895.67064673830464
2508.9293986592801957
9208.1419961909796257
1471.3180308870155386
9.9999999999999995475e-07
9.9999999999999995475e-07
2.8541365257722681404e-05
9.9999999999999995475e-07
9.9999999999999995475e-07
9.9999999999999995475e-07
9.9999999999999995475e-07
1550.2534781384872531
9.9999999999999995475e-07
9.9999999999999995475e-07
9.9999999999999995475e-07
9.9999999999999995475e-07
Function value: 9.93358e+09
